a = 0.0697/0.000244832000000000;
b = 0.0701256/0.000244832000000000;

omega1 = 500;
omega2 = 600;

P = (omega1 + omega2 -b)/a
I = omega1*omega2/a

